1.100000000000000000e+02 2.000000000000000000e+01 2.000000000000000000e+01 2.000000000000000000e+01 2.000000000000000000e+01 2.000000000000000000e+01 2.000000000000000000e+01 2.000000000000000000e+01 2.000000000000000000e+01 2.000000000000000000e+01 0.000000000000000000e+00
1.900000000000000000e+02 1.900000000000000000e+01 1.900000000000000000e+01 1.900000000000000000e+01 1.900000000000000000e+01 1.900000000000000000e+01 1.900000000000000000e+01 1.900000000000000000e+01 1.900000000000000000e+01 1.900000000000000000e+01 0.000000000000000000e+00
2.700000000000000000e+02 6.000000000000000000e+01 5.100000000000000000e+01 5.100000000000000000e+01 5.100000000000000000e+01 5.100000000000000000e+01 5.100000000000000000e+01 5.100000000000000000e+01 5.100000000000000000e+01 5.100000000000000000e+01 0.000000000000000000e+00
4.300000000000000000e+02 8.800000000000000000e+01 6.800000000000000000e+01 6.800000000000000000e+01 6.800000000000000000e+01 6.800000000000000000e+01 6.800000000000000000e+01 6.800000000000000000e+01 6.800000000000000000e+01 6.800000000000000000e+01 0.000000000000000000e+00
5.200000000000000000e+02 8.400000000000000000e+01 8.300000000000000000e+01 8.300000000000000000e+01 8.300000000000000000e+01 8.300000000000000000e+01 8.300000000000000000e+01 8.300000000000000000e+01 8.300000000000000000e+01 8.300000000000000000e+01 0.000000000000000000e+00
5.900000000000000000e+02 1.200000000000000000e+02 1.010000000000000000e+02 1.010000000000000000e+02 1.000000000000000000e+02 1.000000000000000000e+02 1.000000000000000000e+02 1.000000000000000000e+02 1.000000000000000000e+02 1.000000000000000000e+02 0.000000000000000000e+00
7.100000000000000000e+02 1.400000000000000000e+02 1.360000000000000000e+02 1.360000000000000000e+02 1.280000000000000000e+02 1.280000000000000000e+02 1.280000000000000000e+02 1.280000000000000000e+02 1.280000000000000000e+02 1.280000000000000000e+02 0.000000000000000000e+00
8.100000000000000000e+02 1.780000000000000000e+02 1.360000000000000000e+02 1.360000000000000000e+02 1.360000000000000000e+02 1.360000000000000000e+02 1.360000000000000000e+02 1.360000000000000000e+02 1.360000000000000000e+02 1.360000000000000000e+02 0.000000000000000000e+00
9.300000000000000000e+02 1.930000000000000000e+02 1.700000000000000000e+02 1.510000000000000000e+02 1.440000000000000000e+02 1.440000000000000000e+02 1.440000000000000000e+02 1.440000000000000000e+02 1.440000000000000000e+02 1.440000000000000000e+02 0.000000000000000000e+00
1.040000000000000000e+03 1.880000000000000000e+02 1.710000000000000000e+02 1.710000000000000000e+02 1.710000000000000000e+02 1.710000000000000000e+02 1.710000000000000000e+02 1.710000000000000000e+02 1.710000000000000000e+02 1.710000000000000000e+02 0.000000000000000000e+00
1.170000000000000000e+03 2.980000000000000000e+02 1.820000000000000000e+02 1.710000000000000000e+02 1.710000000000000000e+02 1.710000000000000000e+02 1.710000000000000000e+02 1.710000000000000000e+02 1.710000000000000000e+02 1.710000000000000000e+02 0.000000000000000000e+00
1.270000000000000000e+03 3.090000000000000000e+02 2.180000000000000000e+02 1.970000000000000000e+02 1.870000000000000000e+02 1.870000000000000000e+02 1.870000000000000000e+02 1.870000000000000000e+02 1.870000000000000000e+02 1.870000000000000000e+02 0.000000000000000000e+00
1.420000000000000000e+03 4.570000000000000000e+02 2.650000000000000000e+02 2.350000000000000000e+02 2.080000000000000000e+02 2.070000000000000000e+02 2.070000000000000000e+02 2.070000000000000000e+02 2.070000000000000000e+02 2.070000000000000000e+02 0.000000000000000000e+00
1.520000000000000000e+03 6.390000000000000000e+02 2.850000000000000000e+02 2.570000000000000000e+02 2.440000000000000000e+02 2.330000000000000000e+02 2.330000000000000000e+02 2.330000000000000000e+02 2.330000000000000000e+02 2.330000000000000000e+02 0.000000000000000000e+00
1.650000000000000000e+03 1.100000000000000000e+03 4.220000000000000000e+02 2.780000000000000000e+02 2.570000000000000000e+02 2.540000000000000000e+02 2.530000000000000000e+02 2.530000000000000000e+02 2.530000000000000000e+02 2.530000000000000000e+02 0.000000000000000000e+00
1.770000000000000000e+03 1.140000000000000000e+03 4.500000000000000000e+02 2.870000000000000000e+02 2.740000000000000000e+02 2.550000000000000000e+02 2.550000000000000000e+02 2.540000000000000000e+02 2.540000000000000000e+02 2.540000000000000000e+02 0.000000000000000000e+00
1.880000000000000000e+03 1.280000000000000000e+03 5.430000000000000000e+02 3.320000000000000000e+02 2.840000000000000000e+02 2.660000000000000000e+02 2.630000000000000000e+02 2.620000000000000000e+02 2.620000000000000000e+02 2.620000000000000000e+02 0.000000000000000000e+00
1.990000000000000000e+03 1.330000000000000000e+03 5.900000000000000000e+02 3.590000000000000000e+02 3.100000000000000000e+02 2.740000000000000000e+02 2.640000000000000000e+02 2.630000000000000000e+02 2.630000000000000000e+02 2.630000000000000000e+02 0.000000000000000000e+00
2.110000000000000000e+03 1.460000000000000000e+03 6.700000000000000000e+02 4.200000000000000000e+02 3.510000000000000000e+02 3.230000000000000000e+02 2.780000000000000000e+02 2.770000000000000000e+02 2.770000000000000000e+02 2.770000000000000000e+02 0.000000000000000000e+00
2.160000000000000000e+03 1.900000000000000000e+03 8.400000000000000000e+02 5.530000000000000000e+02 4.040000000000000000e+02 3.510000000000000000e+02 3.280000000000000000e+02 2.970000000000000000e+02 2.970000000000000000e+02 2.970000000000000000e+02 0.000000000000000000e+00
2.270000000000000000e+03 2.170000000000000000e+03 1.070000000000000000e+03 7.010000000000000000e+02 5.210000000000000000e+02 4.010000000000000000e+02 3.590000000000000000e+02 3.280000000000000000e+02 3.280000000000000000e+02 3.280000000000000000e+02 0.000000000000000000e+00
2.400000000000000000e+03 2.390000000000000000e+03 1.250000000000000000e+03 7.890000000000000000e+02 5.810000000000000000e+02 4.580000000000000000e+02 3.680000000000000000e+02 3.360000000000000000e+02 3.360000000000000000e+02 3.360000000000000000e+02 0.000000000000000000e+00
2.480000000000000000e+03 2.400000000000000000e+03 1.250000000000000000e+03 8.320000000000000000e+02 6.350000000000000000e+02 4.850000000000000000e+02 3.930000000000000000e+02 3.470000000000000000e+02 3.460000000000000000e+02 3.460000000000000000e+02 0.000000000000000000e+00
2.550000000000000000e+03 2.470000000000000000e+03 1.290000000000000000e+03 9.070000000000000000e+02 6.920000000000000000e+02 5.530000000000000000e+02 4.510000000000000000e+02 3.570000000000000000e+02 3.560000000000000000e+02 3.560000000000000000e+02 0.000000000000000000e+00
2.590000000000000000e+03 2.590000000000000000e+03 1.700000000000000000e+03 1.024000000000000000e+03 7.350000000000000000e+02 6.170000000000000000e+02 4.500000000000000000e+02 3.790000000000000000e+02 3.700000000000000000e+02 3.700000000000000000e+02 0.000000000000000000e+00
2.640000000000000000e+03 2.260000000000000000e+03 8.960000000000000000e+02 7.540000000000000000e+02 6.690000000000000000e+02 5.580000000000000000e+02 4.500000000000000000e+02 3.870000000000000000e+02 3.760000000000000000e+02 3.760000000000000000e+02 0.000000000000000000e+00
2.730000000000000000e+03 2.640000000000000000e+03 9.620000000000000000e+02 6.870000000000000000e+02 5.940000000000000000e+02 4.790000000000000000e+02 4.500000000000000000e+02 3.920000000000000000e+02 3.760000000000000000e+02 3.760000000000000000e+02 0.000000000000000000e+00
2.730000000000000000e+03 2.730000000000000000e+03 1.055000000000000000e+03 7.840000000000000000e+02 6.120000000000000000e+02 5.160000000000000000e+02 4.510000000000000000e+02 4.330000000000000000e+02 4.110000000000000000e+02 4.110000000000000000e+02 0.000000000000000000e+00
2.800000000000000000e+03 2.800000000000000000e+03 1.770000000000000000e+03 1.210000000000000000e+03 9.050000000000000000e+02 8.230000000000000000e+02 6.200000000000000000e+02 4.500000000000000000e+02 4.220000000000000000e+02 4.220000000000000000e+02 0.000000000000000000e+00
2.820000000000000000e+03 2.820000000000000000e+03 2.010000000000000000e+03 1.440000000000000000e+03 1.064000000000000000e+03 8.750000000000000000e+02 6.740000000000000000e+02 4.740000000000000000e+02 4.230000000000000000e+02 4.230000000000000000e+02 0.000000000000000000e+00
2.900000000000000000e+03 2.900000000000000000e+03 2.250000000000000000e+03 1.570000000000000000e+03 1.179000000000000000e+03 9.020000000000000000e+02 7.360000000000000000e+02 5.040000000000000000e+02 4.240000000000000000e+02 4.210000000000000000e+02 0.000000000000000000e+00
2.920000000000000000e+03 2.920000000000000000e+03 2.720000000000000000e+03 1.770000000000000000e+03 1.310000000000000000e+03 1.007000000000000000e+03 8.160000000000000000e+02 5.210000000000000000e+02 4.330000000000000000e+02 4.230000000000000000e+02 0.000000000000000000e+00
3.000000000000000000e+03 3.000000000000000000e+03 2.860000000000000000e+03 1.860000000000000000e+03 1.390000000000000000e+03 1.058000000000000000e+03 8.170000000000000000e+02 5.280000000000000000e+02 4.490000000000000000e+02 4.390000000000000000e+02 0.000000000000000000e+00
3.010000000000000000e+03 3.010000000000000000e+03 2.850000000000000000e+03 1.950000000000000000e+03 1.490000000000000000e+03 1.146000000000000000e+03 8.220000000000000000e+02 5.450000000000000000e+02 4.580000000000000000e+02 4.480000000000000000e+02 0.000000000000000000e+00
3.050000000000000000e+03 3.050000000000000000e+03 3.050000000000000000e+03 2.220000000000000000e+03 1.720000000000000000e+03 1.340000000000000000e+03 9.330000000000000000e+02 6.100000000000000000e+02 4.590000000000000000e+02 4.560000000000000000e+02 0.000000000000000000e+00
3.060000000000000000e+03 3.060000000000000000e+03 3.060000000000000000e+03 2.520000000000000000e+03 1.950000000000000000e+03 1.580000000000000000e+03 1.066000000000000000e+03 6.780000000000000000e+02 4.860000000000000000e+02 4.540000000000000000e+02 0.000000000000000000e+00
3.100000000000000000e+03 3.100000000000000000e+03 3.100000000000000000e+03 2.750000000000000000e+03 2.100000000000000000e+03 1.730000000000000000e+03 1.169000000000000000e+03 7.180000000000000000e+02 5.040000000000000000e+02 4.610000000000000000e+02 0.000000000000000000e+00
3.110000000000000000e+03 3.110000000000000000e+03 3.110000000000000000e+03 2.830000000000000000e+03 2.210000000000000000e+03 1.840000000000000000e+03 1.318000000000000000e+03 7.620000000000000000e+02 5.280000000000000000e+02 4.800000000000000000e+02 0.000000000000000000e+00
3.140000000000000000e+03 3.140000000000000000e+03 3.140000000000000000e+03 2.440000000000000000e+03 1.980000000000000000e+03 1.570000000000000000e+03 1.062000000000000000e+03 7.080000000000000000e+02 5.250000000000000000e+02 4.900000000000000000e+02 0.000000000000000000e+00
3.170000000000000000e+03 3.170000000000000000e+03 3.170000000000000000e+03 3.150000000000000000e+03 2.450000000000000000e+03 2.030000000000000000e+03 1.430000000000000000e+03 8.150000000000000000e+02 5.650000000000000000e+02 4.910000000000000000e+02 0.000000000000000000e+00
3.180000000000000000e+03 3.180000000000000000e+03 3.180000000000000000e+03 3.180000000000000000e+03 2.580000000000000000e+03 2.180000000000000000e+03 1.510000000000000000e+03 8.290000000000000000e+02 5.860000000000000000e+02 5.000000000000000000e+02 0.000000000000000000e+00
3.200000000000000000e+03 3.200000000000000000e+03 3.200000000000000000e+03 3.200000000000000000e+03 2.770000000000000000e+03 2.310000000000000000e+03 1.740000000000000000e+03 8.710000000000000000e+02 6.230000000000000000e+02 5.000000000000000000e+02 0.000000000000000000e+00
3.220000000000000000e+03 3.220000000000000000e+03 3.220000000000000000e+03 3.220000000000000000e+03 2.790000000000000000e+03 2.340000000000000000e+03 1.740000000000000000e+03 9.310000000000000000e+02 6.360000000000000000e+02 5.090000000000000000e+02 0.000000000000000000e+00
3.230000000000000000e+03 3.230000000000000000e+03 3.230000000000000000e+03 3.230000000000000000e+03 2.900000000000000000e+03 2.480000000000000000e+03 1.930000000000000000e+03 9.560000000000000000e+02 6.600000000000000000e+02 5.090000000000000000e+02 0.000000000000000000e+00
3.260000000000000000e+03 3.260000000000000000e+03 3.260000000000000000e+03 3.260000000000000000e+03 3.260000000000000000e+03 2.800000000000000000e+03 2.010000000000000000e+03 1.158000000000000000e+03 6.920000000000000000e+02 5.260000000000000000e+02 0.000000000000000000e+00
3.300000000000000000e+03 3.300000000000000000e+03 3.300000000000000000e+03 3.300000000000000000e+03 3.140000000000000000e+03 2.670000000000000000e+03 2.060000000000000000e+03 9.160000000000000000e+02 6.700000000000000000e+02 5.280000000000000000e+02 0.000000000000000000e+00
3.320000000000000000e+03 3.320000000000000000e+03 3.320000000000000000e+03 3.320000000000000000e+03 3.320000000000000000e+03 2.800000000000000000e+03 2.160000000000000000e+03 9.420000000000000000e+02 6.590000000000000000e+02 5.280000000000000000e+02 0.000000000000000000e+00
3.340000000000000000e+03 3.340000000000000000e+03 3.340000000000000000e+03 3.340000000000000000e+03 3.340000000000000000e+03 2.960000000000000000e+03 2.260000000000000000e+03 1.045000000000000000e+03 6.690000000000000000e+02 5.580000000000000000e+02 0.000000000000000000e+00
3.390000000000000000e+03 3.390000000000000000e+03 3.390000000000000000e+03 3.390000000000000000e+03 3.390000000000000000e+03 3.230000000000000000e+03 2.480000000000000000e+03 1.161000000000000000e+03 7.230000000000000000e+02 5.680000000000000000e+02 0.000000000000000000e+00
3.410000000000000000e+03 3.410000000000000000e+03 3.410000000000000000e+03 3.410000000000000000e+03 3.410000000000000000e+03 3.190000000000000000e+03 2.410000000000000000e+03 1.520000000000000000e+03 8.440000000000000000e+02 6.110000000000000000e+02 0.000000000000000000e+00
3.440000000000000000e+03 3.440000000000000000e+03 3.440000000000000000e+03 3.440000000000000000e+03 3.440000000000000000e+03 3.440000000000000000e+03 2.960000000000000000e+03 2.050000000000000000e+03 9.700000000000000000e+02 6.350000000000000000e+02 0.000000000000000000e+00
3.440000000000000000e+03 3.440000000000000000e+03 3.440000000000000000e+03 3.440000000000000000e+03 3.440000000000000000e+03 3.440000000000000000e+03 2.940000000000000000e+03 2.030000000000000000e+03 1.026000000000000000e+03 6.660000000000000000e+02 0.000000000000000000e+00
3.450000000000000000e+03 3.450000000000000000e+03 3.450000000000000000e+03 3.450000000000000000e+03 3.450000000000000000e+03 3.450000000000000000e+03 3.450000000000000000e+03 3.420000000000000000e+03 1.740000000000000000e+03 9.520000000000000000e+02 0.000000000000000000e+00
3.470000000000000000e+03 3.470000000000000000e+03 3.470000000000000000e+03 3.470000000000000000e+03 3.470000000000000000e+03 3.470000000000000000e+03 3.470000000000000000e+03 3.370000000000000000e+03 1.730000000000000000e+03 9.130000000000000000e+02 0.000000000000000000e+00
3.480000000000000000e+03 3.480000000000000000e+03 3.480000000000000000e+03 3.480000000000000000e+03 3.480000000000000000e+03 3.480000000000000000e+03 3.480000000000000000e+03 3.480000000000000000e+03 1.860000000000000000e+03 9.540000000000000000e+02 0.000000000000000000e+00
3.500000000000000000e+03 3.500000000000000000e+03 3.500000000000000000e+03 3.500000000000000000e+03 3.500000000000000000e+03 3.500000000000000000e+03 3.500000000000000000e+03 3.500000000000000000e+03 2.010000000000000000e+03 1.005000000000000000e+03 0.000000000000000000e+00
3.530000000000000000e+03 3.530000000000000000e+03 3.530000000000000000e+03 3.530000000000000000e+03 3.530000000000000000e+03 3.530000000000000000e+03 3.530000000000000000e+03 3.530000000000000000e+03 2.160000000000000000e+03 1.079000000000000000e+03 0.000000000000000000e+00
3.560000000000000000e+03 3.560000000000000000e+03 3.560000000000000000e+03 3.560000000000000000e+03 3.560000000000000000e+03 3.560000000000000000e+03 3.560000000000000000e+03 3.560000000000000000e+03 2.260000000000000000e+03 1.132000000000000000e+03 0.000000000000000000e+00
3.570000000000000000e+03 3.570000000000000000e+03 3.570000000000000000e+03 3.570000000000000000e+03 3.570000000000000000e+03 3.570000000000000000e+03 3.570000000000000000e+03 3.570000000000000000e+03 2.380000000000000000e+03 1.234000000000000000e+03 0.000000000000000000e+00
3.600000000000000000e+03 3.600000000000000000e+03 3.600000000000000000e+03 3.600000000000000000e+03 3.600000000000000000e+03 3.600000000000000000e+03 3.600000000000000000e+03 3.600000000000000000e+03 2.530000000000000000e+03 1.285000000000000000e+03 0.000000000000000000e+00
3.610000000000000000e+03 3.610000000000000000e+03 3.610000000000000000e+03 3.610000000000000000e+03 3.610000000000000000e+03 3.610000000000000000e+03 3.610000000000000000e+03 3.610000000000000000e+03 2.690000000000000000e+03 1.390000000000000000e+03 0.000000000000000000e+00
3.660000000000000000e+03 3.660000000000000000e+03 3.660000000000000000e+03 3.660000000000000000e+03 3.660000000000000000e+03 3.660000000000000000e+03 3.660000000000000000e+03 3.660000000000000000e+03 2.910000000000000000e+03 1.479000000000000000e+03 0.000000000000000000e+00
3.690000000000000000e+03 3.690000000000000000e+03 3.690000000000000000e+03 3.690000000000000000e+03 3.690000000000000000e+03 3.690000000000000000e+03 3.690000000000000000e+03 3.690000000000000000e+03 3.110000000000000000e+03 1.640000000000000000e+03 0.000000000000000000e+00
3.710000000000000000e+03 3.710000000000000000e+03 3.710000000000000000e+03 3.710000000000000000e+03 3.710000000000000000e+03 3.710000000000000000e+03 3.710000000000000000e+03 3.710000000000000000e+03 3.710000000000000000e+03 1.900000000000000000e+03 0.000000000000000000e+00
3.750000000000000000e+03 3.750000000000000000e+03 3.750000000000000000e+03 3.750000000000000000e+03 3.750000000000000000e+03 3.750000000000000000e+03 3.750000000000000000e+03 3.750000000000000000e+03 3.750000000000000000e+03 2.230000000000000000e+03 0.000000000000000000e+00
3.850000000000000000e+03 3.850000000000000000e+03 3.850000000000000000e+03 3.850000000000000000e+03 3.850000000000000000e+03 3.850000000000000000e+03 3.850000000000000000e+03 3.850000000000000000e+03 3.850000000000000000e+03 2.360000000000000000e+03 0.000000000000000000e+00
3.880000000000000000e+03 3.880000000000000000e+03 3.880000000000000000e+03 3.880000000000000000e+03 3.880000000000000000e+03 3.880000000000000000e+03 3.880000000000000000e+03 3.880000000000000000e+03 3.880000000000000000e+03 2.520000000000000000e+03 0.000000000000000000e+00
3.990000000000000000e+03 3.990000000000000000e+03 3.990000000000000000e+03 3.990000000000000000e+03 3.990000000000000000e+03 3.990000000000000000e+03 3.990000000000000000e+03 3.990000000000000000e+03 3.990000000000000000e+03 2.690000000000000000e+03 0.000000000000000000e+00
4.070000000000000000e+03 4.070000000000000000e+03 4.070000000000000000e+03 4.070000000000000000e+03 4.070000000000000000e+03 4.070000000000000000e+03 4.070000000000000000e+03 4.070000000000000000e+03 4.070000000000000000e+03 3.040000000000000000e+03 0.000000000000000000e+00
4.300000000000000000e+03 4.300000000000000000e+03 4.300000000000000000e+03 4.300000000000000000e+03 4.300000000000000000e+03 4.300000000000000000e+03 4.300000000000000000e+03 4.300000000000000000e+03 4.300000000000000000e+03 3.360000000000000000e+03 0.000000000000000000e+00
4.450000000000000000e+03 4.450000000000000000e+03 4.450000000000000000e+03 4.450000000000000000e+03 4.450000000000000000e+03 4.450000000000000000e+03 4.450000000000000000e+03 4.450000000000000000e+03 4.450000000000000000e+03 3.710000000000000000e+03 0.000000000000000000e+00
4.580000000000000000e+03 4.580000000000000000e+03 4.580000000000000000e+03 4.580000000000000000e+03 4.580000000000000000e+03 4.580000000000000000e+03 4.580000000000000000e+03 4.580000000000000000e+03 4.580000000000000000e+03 4.060000000000000000e+03 0.000000000000000000e+00
4.750000000000000000e+03 4.750000000000000000e+03 4.750000000000000000e+03 4.750000000000000000e+03 4.750000000000000000e+03 4.750000000000000000e+03 4.750000000000000000e+03 4.750000000000000000e+03 4.750000000000000000e+03 4.360000000000000000e+03 0.000000000000000000e+00
4.910000000000000000e+03 4.910000000000000000e+03 4.910000000000000000e+03 4.910000000000000000e+03 4.910000000000000000e+03 4.910000000000000000e+03 4.910000000000000000e+03 4.910000000000000000e+03 4.910000000000000000e+03 4.730000000000000000e+03 0.000000000000000000e+00
5.070000000000000000e+03 5.070000000000000000e+03 5.070000000000000000e+03 5.070000000000000000e+03 5.070000000000000000e+03 5.070000000000000000e+03 5.070000000000000000e+03 5.070000000000000000e+03 5.070000000000000000e+03 5.070000000000000000e+03 0.000000000000000000e+00
5.230000000000000000e+03 5.230000000000000000e+03 5.230000000000000000e+03 5.230000000000000000e+03 5.230000000000000000e+03 5.230000000000000000e+03 5.230000000000000000e+03 5.230000000000000000e+03 5.230000000000000000e+03 5.230000000000000000e+03 0.000000000000000000e+00
5.490000000000000000e+03 5.490000000000000000e+03 5.490000000000000000e+03 5.490000000000000000e+03 5.490000000000000000e+03 5.490000000000000000e+03 5.490000000000000000e+03 5.490000000000000000e+03 5.490000000000000000e+03 5.490000000000000000e+03 0.000000000000000000e+00
5.780000000000000000e+03 5.780000000000000000e+03 5.780000000000000000e+03 5.780000000000000000e+03 5.780000000000000000e+03 5.780000000000000000e+03 5.780000000000000000e+03 5.780000000000000000e+03 5.780000000000000000e+03 5.780000000000000000e+03 0.000000000000000000e+00
6.050000000000000000e+03 6.050000000000000000e+03 6.050000000000000000e+03 6.050000000000000000e+03 6.050000000000000000e+03 6.050000000000000000e+03 6.050000000000000000e+03 6.050000000000000000e+03 6.050000000000000000e+03 6.050000000000000000e+03 0.000000000000000000e+00
6.310000000000000000e+03 6.310000000000000000e+03 6.310000000000000000e+03 6.310000000000000000e+03 6.310000000000000000e+03 6.310000000000000000e+03 6.310000000000000000e+03 6.310000000000000000e+03 6.310000000000000000e+03 6.310000000000000000e+03 0.000000000000000000e+00
6.690000000000000000e+03 6.690000000000000000e+03 6.690000000000000000e+03 6.690000000000000000e+03 6.690000000000000000e+03 6.690000000000000000e+03 6.690000000000000000e+03 6.690000000000000000e+03 6.690000000000000000e+03 6.690000000000000000e+03 0.000000000000000000e+00
6.970000000000000000e+03 6.970000000000000000e+03 6.970000000000000000e+03 6.970000000000000000e+03 6.970000000000000000e+03 6.970000000000000000e+03 6.970000000000000000e+03 6.970000000000000000e+03 6.970000000000000000e+03 6.970000000000000000e+03 0.000000000000000000e+00
7.340000000000000000e+03 7.340000000000000000e+03 7.340000000000000000e+03 7.340000000000000000e+03 7.340000000000000000e+03 7.340000000000000000e+03 7.340000000000000000e+03 7.340000000000000000e+03 7.340000000000000000e+03 7.340000000000000000e+03 0.000000000000000000e+00
7.650000000000000000e+03 7.650000000000000000e+03 7.650000000000000000e+03 7.650000000000000000e+03 7.650000000000000000e+03 7.650000000000000000e+03 7.650000000000000000e+03 7.650000000000000000e+03 7.650000000000000000e+03 7.650000000000000000e+03 0.000000000000000000e+00
8.080000000000000000e+03 8.080000000000000000e+03 8.080000000000000000e+03 8.080000000000000000e+03 8.080000000000000000e+03 8.080000000000000000e+03 8.080000000000000000e+03 8.080000000000000000e+03 8.080000000000000000e+03 8.080000000000000000e+03 0.000000000000000000e+00
8.440000000000000000e+03 8.440000000000000000e+03 8.440000000000000000e+03 8.440000000000000000e+03 8.440000000000000000e+03 8.440000000000000000e+03 8.440000000000000000e+03 8.440000000000000000e+03 8.440000000000000000e+03 8.440000000000000000e+03 0.000000000000000000e+00
8.710000000000000000e+03 8.710000000000000000e+03 8.710000000000000000e+03 8.710000000000000000e+03 8.710000000000000000e+03 8.710000000000000000e+03 8.710000000000000000e+03 8.710000000000000000e+03 8.710000000000000000e+03 8.710000000000000000e+03 0.000000000000000000e+00
8.950000000000000000e+03 8.950000000000000000e+03 8.950000000000000000e+03 8.950000000000000000e+03 8.950000000000000000e+03 8.950000000000000000e+03 8.950000000000000000e+03 8.950000000000000000e+03 8.950000000000000000e+03 8.950000000000000000e+03 0.000000000000000000e+00
9.250000000000000000e+03 9.250000000000000000e+03 9.250000000000000000e+03 9.250000000000000000e+03 9.250000000000000000e+03 9.250000000000000000e+03 9.250000000000000000e+03 9.250000000000000000e+03 9.250000000000000000e+03 9.250000000000000000e+03 0.000000000000000000e+00
9.430000000000000000e+03 9.430000000000000000e+03 9.430000000000000000e+03 9.430000000000000000e+03 9.430000000000000000e+03 9.430000000000000000e+03 9.430000000000000000e+03 9.430000000000000000e+03 9.430000000000000000e+03 9.430000000000000000e+03 0.000000000000000000e+00
9.620000000000000000e+03 9.620000000000000000e+03 9.620000000000000000e+03 9.620000000000000000e+03 9.620000000000000000e+03 9.620000000000000000e+03 9.620000000000000000e+03 9.620000000000000000e+03 9.620000000000000000e+03 9.620000000000000000e+03 0.000000000000000000e+00
9.750000000000000000e+03 9.750000000000000000e+03 9.750000000000000000e+03 9.750000000000000000e+03 9.750000000000000000e+03 9.750000000000000000e+03 9.750000000000000000e+03 9.750000000000000000e+03 9.750000000000000000e+03 9.750000000000000000e+03 0.000000000000000000e+00
9.850000000000000000e+03 9.850000000000000000e+03 9.850000000000000000e+03 9.850000000000000000e+03 9.850000000000000000e+03 9.850000000000000000e+03 9.850000000000000000e+03 9.850000000000000000e+03 9.850000000000000000e+03 9.850000000000000000e+03 0.000000000000000000e+00
9.900000000000000000e+03 9.900000000000000000e+03 9.900000000000000000e+03 9.900000000000000000e+03 9.900000000000000000e+03 9.900000000000000000e+03 9.900000000000000000e+03 9.900000000000000000e+03 9.900000000000000000e+03 9.900000000000000000e+03 0.000000000000000000e+00
9.970000000000000000e+03 9.970000000000000000e+03 9.970000000000000000e+03 9.970000000000000000e+03 9.970000000000000000e+03 9.970000000000000000e+03 9.970000000000000000e+03 9.970000000000000000e+03 9.970000000000000000e+03 9.970000000000000000e+03 0.000000000000000000e+00
9.990000000000000000e+03 9.990000000000000000e+03 9.990000000000000000e+03 9.990000000000000000e+03 9.990000000000000000e+03 9.990000000000000000e+03 9.990000000000000000e+03 9.990000000000000000e+03 9.990000000000000000e+03 9.990000000000000000e+03 0.000000000000000000e+00
1.000000000000000000e+04 1.000000000000000000e+04 1.000000000000000000e+04 1.000000000000000000e+04 1.000000000000000000e+04 1.000000000000000000e+04 1.000000000000000000e+04 1.000000000000000000e+04 1.000000000000000000e+04 1.000000000000000000e+04 0.000000000000000000e+00
1.000000000000000000e+04 1.000000000000000000e+04 1.000000000000000000e+04 1.000000000000000000e+04 1.000000000000000000e+04 1.000000000000000000e+04 1.000000000000000000e+04 1.000000000000000000e+04 1.000000000000000000e+04 1.000000000000000000e+04 0.000000000000000000e+00
1.000000000000000000e+04 1.000000000000000000e+04 1.000000000000000000e+04 1.000000000000000000e+04 1.000000000000000000e+04 1.000000000000000000e+04 1.000000000000000000e+04 1.000000000000000000e+04 1.000000000000000000e+04 1.000000000000000000e+04 0.000000000000000000e+00
