1.100000000000000000e+02 8.000000000000000000e+01 8.000000000000000000e+01 8.000000000000000000e+01 8.000000000000000000e+01 8.000000000000000000e+01 8.000000000000000000e+01 8.000000000000000000e+01 8.000000000000000000e+01 8.000000000000000000e+01 0.000000000000000000e+00
1.900000000000000000e+02 1.600000000000000000e+02 1.600000000000000000e+02 1.600000000000000000e+02 1.600000000000000000e+02 1.600000000000000000e+02 1.600000000000000000e+02 1.600000000000000000e+02 1.600000000000000000e+02 1.600000000000000000e+02 0.000000000000000000e+00
2.700000000000000000e+02 1.900000000000000000e+02 1.900000000000000000e+02 1.900000000000000000e+02 1.900000000000000000e+02 1.900000000000000000e+02 1.900000000000000000e+02 1.900000000000000000e+02 1.900000000000000000e+02 1.900000000000000000e+02 0.000000000000000000e+00
4.300000000000000000e+02 2.000000000000000000e+02 2.000000000000000000e+02 2.000000000000000000e+02 2.000000000000000000e+02 2.000000000000000000e+02 2.000000000000000000e+02 2.000000000000000000e+02 2.000000000000000000e+02 2.000000000000000000e+02 0.000000000000000000e+00
5.200000000000000000e+02 2.190000000000000000e+02 2.190000000000000000e+02 2.190000000000000000e+02 2.190000000000000000e+02 2.190000000000000000e+02 2.190000000000000000e+02 2.190000000000000000e+02 2.190000000000000000e+02 2.190000000000000000e+02 0.000000000000000000e+00
5.900000000000000000e+02 2.390000000000000000e+02 2.390000000000000000e+02 2.390000000000000000e+02 2.390000000000000000e+02 2.390000000000000000e+02 2.390000000000000000e+02 2.390000000000000000e+02 2.390000000000000000e+02 2.390000000000000000e+02 0.000000000000000000e+00
7.100000000000000000e+02 2.370000000000000000e+02 2.370000000000000000e+02 2.370000000000000000e+02 2.370000000000000000e+02 2.370000000000000000e+02 2.370000000000000000e+02 2.370000000000000000e+02 2.370000000000000000e+02 2.370000000000000000e+02 0.000000000000000000e+00
8.100000000000000000e+02 2.340000000000000000e+02 2.340000000000000000e+02 2.340000000000000000e+02 2.340000000000000000e+02 2.340000000000000000e+02 2.340000000000000000e+02 2.340000000000000000e+02 2.340000000000000000e+02 2.340000000000000000e+02 0.000000000000000000e+00
9.300000000000000000e+02 3.040000000000000000e+02 3.040000000000000000e+02 3.040000000000000000e+02 3.040000000000000000e+02 3.040000000000000000e+02 3.040000000000000000e+02 3.040000000000000000e+02 3.040000000000000000e+02 3.040000000000000000e+02 0.000000000000000000e+00
1.040000000000000000e+03 3.320000000000000000e+02 3.320000000000000000e+02 3.320000000000000000e+02 3.320000000000000000e+02 3.320000000000000000e+02 3.320000000000000000e+02 3.320000000000000000e+02 3.320000000000000000e+02 3.320000000000000000e+02 0.000000000000000000e+00
1.170000000000000000e+03 3.400000000000000000e+02 3.400000000000000000e+02 3.400000000000000000e+02 3.400000000000000000e+02 3.400000000000000000e+02 3.400000000000000000e+02 3.400000000000000000e+02 3.400000000000000000e+02 3.400000000000000000e+02 0.000000000000000000e+00
1.270000000000000000e+03 3.720000000000000000e+02 3.720000000000000000e+02 3.720000000000000000e+02 3.720000000000000000e+02 3.720000000000000000e+02 3.720000000000000000e+02 3.720000000000000000e+02 3.720000000000000000e+02 3.720000000000000000e+02 0.000000000000000000e+00
1.420000000000000000e+03 3.750000000000000000e+02 3.750000000000000000e+02 3.750000000000000000e+02 3.750000000000000000e+02 3.750000000000000000e+02 3.750000000000000000e+02 3.750000000000000000e+02 3.750000000000000000e+02 3.750000000000000000e+02 0.000000000000000000e+00
1.520000000000000000e+03 4.300000000000000000e+02 4.300000000000000000e+02 4.300000000000000000e+02 4.300000000000000000e+02 4.300000000000000000e+02 4.300000000000000000e+02 4.300000000000000000e+02 4.300000000000000000e+02 4.300000000000000000e+02 0.000000000000000000e+00
1.650000000000000000e+03 4.350000000000000000e+02 4.350000000000000000e+02 4.350000000000000000e+02 4.350000000000000000e+02 4.350000000000000000e+02 4.350000000000000000e+02 4.350000000000000000e+02 4.350000000000000000e+02 4.350000000000000000e+02 0.000000000000000000e+00
1.770000000000000000e+03 4.620000000000000000e+02 4.620000000000000000e+02 4.620000000000000000e+02 4.620000000000000000e+02 4.620000000000000000e+02 4.620000000000000000e+02 4.620000000000000000e+02 4.620000000000000000e+02 4.620000000000000000e+02 0.000000000000000000e+00
1.880000000000000000e+03 4.830000000000000000e+02 4.830000000000000000e+02 4.830000000000000000e+02 4.830000000000000000e+02 4.830000000000000000e+02 4.830000000000000000e+02 4.830000000000000000e+02 4.830000000000000000e+02 4.830000000000000000e+02 0.000000000000000000e+00
1.990000000000000000e+03 5.300000000000000000e+02 5.300000000000000000e+02 5.300000000000000000e+02 5.300000000000000000e+02 5.300000000000000000e+02 5.300000000000000000e+02 5.300000000000000000e+02 5.300000000000000000e+02 5.300000000000000000e+02 0.000000000000000000e+00
2.110000000000000000e+03 5.900000000000000000e+02 5.900000000000000000e+02 5.900000000000000000e+02 5.900000000000000000e+02 5.900000000000000000e+02 5.900000000000000000e+02 5.900000000000000000e+02 5.900000000000000000e+02 5.900000000000000000e+02 0.000000000000000000e+00
2.160000000000000000e+03 5.830000000000000000e+02 5.830000000000000000e+02 5.830000000000000000e+02 5.830000000000000000e+02 5.830000000000000000e+02 5.830000000000000000e+02 5.830000000000000000e+02 5.830000000000000000e+02 5.830000000000000000e+02 0.000000000000000000e+00
2.270000000000000000e+03 6.170000000000000000e+02 6.160000000000000000e+02 6.160000000000000000e+02 6.160000000000000000e+02 6.160000000000000000e+02 6.160000000000000000e+02 6.160000000000000000e+02 6.160000000000000000e+02 6.160000000000000000e+02 0.000000000000000000e+00
2.400000000000000000e+03 6.140000000000000000e+02 6.040000000000000000e+02 6.040000000000000000e+02 6.040000000000000000e+02 6.040000000000000000e+02 6.040000000000000000e+02 6.040000000000000000e+02 6.040000000000000000e+02 6.040000000000000000e+02 0.000000000000000000e+00
2.480000000000000000e+03 6.220000000000000000e+02 6.220000000000000000e+02 6.220000000000000000e+02 6.220000000000000000e+02 6.220000000000000000e+02 6.220000000000000000e+02 6.220000000000000000e+02 6.220000000000000000e+02 6.220000000000000000e+02 0.000000000000000000e+00
2.550000000000000000e+03 6.480000000000000000e+02 6.480000000000000000e+02 6.480000000000000000e+02 6.480000000000000000e+02 6.480000000000000000e+02 6.480000000000000000e+02 6.480000000000000000e+02 6.480000000000000000e+02 6.480000000000000000e+02 0.000000000000000000e+00
2.590000000000000000e+03 6.630000000000000000e+02 6.620000000000000000e+02 6.620000000000000000e+02 6.620000000000000000e+02 6.620000000000000000e+02 6.620000000000000000e+02 6.620000000000000000e+02 6.620000000000000000e+02 6.620000000000000000e+02 0.000000000000000000e+00
2.640000000000000000e+03 6.590000000000000000e+02 6.590000000000000000e+02 6.590000000000000000e+02 6.590000000000000000e+02 6.590000000000000000e+02 6.590000000000000000e+02 6.590000000000000000e+02 6.590000000000000000e+02 6.590000000000000000e+02 0.000000000000000000e+00
2.730000000000000000e+03 6.560000000000000000e+02 6.550000000000000000e+02 6.550000000000000000e+02 6.540000000000000000e+02 6.540000000000000000e+02 6.540000000000000000e+02 6.540000000000000000e+02 6.540000000000000000e+02 6.540000000000000000e+02 0.000000000000000000e+00
2.730000000000000000e+03 6.550000000000000000e+02 6.440000000000000000e+02 6.440000000000000000e+02 6.440000000000000000e+02 6.440000000000000000e+02 6.440000000000000000e+02 6.440000000000000000e+02 6.440000000000000000e+02 6.440000000000000000e+02 0.000000000000000000e+00
2.800000000000000000e+03 6.310000000000000000e+02 6.210000000000000000e+02 6.210000000000000000e+02 6.210000000000000000e+02 6.210000000000000000e+02 6.210000000000000000e+02 6.210000000000000000e+02 6.210000000000000000e+02 6.210000000000000000e+02 0.000000000000000000e+00
2.820000000000000000e+03 6.500000000000000000e+02 6.320000000000000000e+02 6.320000000000000000e+02 6.320000000000000000e+02 6.320000000000000000e+02 6.320000000000000000e+02 6.320000000000000000e+02 6.320000000000000000e+02 6.320000000000000000e+02 0.000000000000000000e+00
2.900000000000000000e+03 6.590000000000000000e+02 6.490000000000000000e+02 6.390000000000000000e+02 6.390000000000000000e+02 6.390000000000000000e+02 6.390000000000000000e+02 6.390000000000000000e+02 6.390000000000000000e+02 6.390000000000000000e+02 0.000000000000000000e+00
2.920000000000000000e+03 6.710000000000000000e+02 6.520000000000000000e+02 6.520000000000000000e+02 6.520000000000000000e+02 6.520000000000000000e+02 6.520000000000000000e+02 6.520000000000000000e+02 6.520000000000000000e+02 6.520000000000000000e+02 0.000000000000000000e+00
3.000000000000000000e+03 6.720000000000000000e+02 6.610000000000000000e+02 6.610000000000000000e+02 6.610000000000000000e+02 6.610000000000000000e+02 6.610000000000000000e+02 6.610000000000000000e+02 6.610000000000000000e+02 6.610000000000000000e+02 0.000000000000000000e+00
3.010000000000000000e+03 6.590000000000000000e+02 6.520000000000000000e+02 6.520000000000000000e+02 6.510000000000000000e+02 6.510000000000000000e+02 6.510000000000000000e+02 6.510000000000000000e+02 6.510000000000000000e+02 6.510000000000000000e+02 0.000000000000000000e+00
3.050000000000000000e+03 6.590000000000000000e+02 6.520000000000000000e+02 6.520000000000000000e+02 6.520000000000000000e+02 6.520000000000000000e+02 6.520000000000000000e+02 6.520000000000000000e+02 6.520000000000000000e+02 6.520000000000000000e+02 0.000000000000000000e+00
3.060000000000000000e+03 6.530000000000000000e+02 6.500000000000000000e+02 6.500000000000000000e+02 6.500000000000000000e+02 6.500000000000000000e+02 6.500000000000000000e+02 6.500000000000000000e+02 6.500000000000000000e+02 6.500000000000000000e+02 0.000000000000000000e+00
3.100000000000000000e+03 6.910000000000000000e+02 6.590000000000000000e+02 6.500000000000000000e+02 6.410000000000000000e+02 6.410000000000000000e+02 6.320000000000000000e+02 6.320000000000000000e+02 6.320000000000000000e+02 6.320000000000000000e+02 0.000000000000000000e+00
3.110000000000000000e+03 6.810000000000000000e+02 6.510000000000000000e+02 6.410000000000000000e+02 6.310000000000000000e+02 6.310000000000000000e+02 6.310000000000000000e+02 6.310000000000000000e+02 6.310000000000000000e+02 6.310000000000000000e+02 0.000000000000000000e+00
3.140000000000000000e+03 6.620000000000000000e+02 6.470000000000000000e+02 6.470000000000000000e+02 6.470000000000000000e+02 6.470000000000000000e+02 6.370000000000000000e+02 6.370000000000000000e+02 6.370000000000000000e+02 6.370000000000000000e+02 0.000000000000000000e+00
3.170000000000000000e+03 6.640000000000000000e+02 6.490000000000000000e+02 6.380000000000000000e+02 6.370000000000000000e+02 6.370000000000000000e+02 6.370000000000000000e+02 6.370000000000000000e+02 6.370000000000000000e+02 6.370000000000000000e+02 0.000000000000000000e+00
3.180000000000000000e+03 6.730000000000000000e+02 6.490000000000000000e+02 6.400000000000000000e+02 6.390000000000000000e+02 6.390000000000000000e+02 6.390000000000000000e+02 6.390000000000000000e+02 6.390000000000000000e+02 6.390000000000000000e+02 0.000000000000000000e+00
3.200000000000000000e+03 6.730000000000000000e+02 6.510000000000000000e+02 6.510000000000000000e+02 6.410000000000000000e+02 6.410000000000000000e+02 6.410000000000000000e+02 6.410000000000000000e+02 6.400000000000000000e+02 6.400000000000000000e+02 0.000000000000000000e+00
3.220000000000000000e+03 6.730000000000000000e+02 6.610000000000000000e+02 6.610000000000000000e+02 6.510000000000000000e+02 6.510000000000000000e+02 6.500000000000000000e+02 6.500000000000000000e+02 6.500000000000000000e+02 6.500000000000000000e+02 0.000000000000000000e+00
3.230000000000000000e+03 6.800000000000000000e+02 6.620000000000000000e+02 6.600000000000000000e+02 6.600000000000000000e+02 6.600000000000000000e+02 6.600000000000000000e+02 6.600000000000000000e+02 6.600000000000000000e+02 6.600000000000000000e+02 0.000000000000000000e+00
3.260000000000000000e+03 6.820000000000000000e+02 6.610000000000000000e+02 6.600000000000000000e+02 6.590000000000000000e+02 6.580000000000000000e+02 6.580000000000000000e+02 6.570000000000000000e+02 6.570000000000000000e+02 6.570000000000000000e+02 0.000000000000000000e+00
3.300000000000000000e+03 6.820000000000000000e+02 6.580000000000000000e+02 6.580000000000000000e+02 6.570000000000000000e+02 6.570000000000000000e+02 6.570000000000000000e+02 6.570000000000000000e+02 6.570000000000000000e+02 6.570000000000000000e+02 0.000000000000000000e+00
3.320000000000000000e+03 6.880000000000000000e+02 6.580000000000000000e+02 6.580000000000000000e+02 6.570000000000000000e+02 6.570000000000000000e+02 6.570000000000000000e+02 6.570000000000000000e+02 6.570000000000000000e+02 6.570000000000000000e+02 0.000000000000000000e+00
3.340000000000000000e+03 6.870000000000000000e+02 6.590000000000000000e+02 6.580000000000000000e+02 6.580000000000000000e+02 6.580000000000000000e+02 6.570000000000000000e+02 6.570000000000000000e+02 6.570000000000000000e+02 6.570000000000000000e+02 0.000000000000000000e+00
3.390000000000000000e+03 6.850000000000000000e+02 6.680000000000000000e+02 6.590000000000000000e+02 6.580000000000000000e+02 6.580000000000000000e+02 6.580000000000000000e+02 6.580000000000000000e+02 6.580000000000000000e+02 6.580000000000000000e+02 0.000000000000000000e+00
3.410000000000000000e+03 6.870000000000000000e+02 6.670000000000000000e+02 6.670000000000000000e+02 6.580000000000000000e+02 6.580000000000000000e+02 6.580000000000000000e+02 6.580000000000000000e+02 6.580000000000000000e+02 6.580000000000000000e+02 0.000000000000000000e+00
3.440000000000000000e+03 6.870000000000000000e+02 6.670000000000000000e+02 6.670000000000000000e+02 6.660000000000000000e+02 6.650000000000000000e+02 6.650000000000000000e+02 6.640000000000000000e+02 6.640000000000000000e+02 6.640000000000000000e+02 0.000000000000000000e+00
3.440000000000000000e+03 6.840000000000000000e+02 6.660000000000000000e+02 6.650000000000000000e+02 6.550000000000000000e+02 6.550000000000000000e+02 6.550000000000000000e+02 6.550000000000000000e+02 6.550000000000000000e+02 6.550000000000000000e+02 0.000000000000000000e+00
3.450000000000000000e+03 6.750000000000000000e+02 6.560000000000000000e+02 6.550000000000000000e+02 6.540000000000000000e+02 6.540000000000000000e+02 6.450000000000000000e+02 6.450000000000000000e+02 6.450000000000000000e+02 6.450000000000000000e+02 0.000000000000000000e+00
3.470000000000000000e+03 7.100000000000000000e+02 7.000000000000000000e+02 6.830000000000000000e+02 6.750000000000000000e+02 6.750000000000000000e+02 6.750000000000000000e+02 6.750000000000000000e+02 6.670000000000000000e+02 6.660000000000000000e+02 0.000000000000000000e+00
3.480000000000000000e+03 7.100000000000000000e+02 6.920000000000000000e+02 6.900000000000000000e+02 6.830000000000000000e+02 6.820000000000000000e+02 6.820000000000000000e+02 6.730000000000000000e+02 6.730000000000000000e+02 6.730000000000000000e+02 0.000000000000000000e+00
3.500000000000000000e+03 7.200000000000000000e+02 7.100000000000000000e+02 7.020000000000000000e+02 6.920000000000000000e+02 6.920000000000000000e+02 6.920000000000000000e+02 6.910000000000000000e+02 6.910000000000000000e+02 6.910000000000000000e+02 0.000000000000000000e+00
3.530000000000000000e+03 7.500000000000000000e+02 7.200000000000000000e+02 7.110000000000000000e+02 7.100000000000000000e+02 7.100000000000000000e+02 7.100000000000000000e+02 7.100000000000000000e+02 7.100000000000000000e+02 7.100000000000000000e+02 0.000000000000000000e+00
3.560000000000000000e+03 7.660000000000000000e+02 7.510000000000000000e+02 7.470000000000000000e+02 7.470000000000000000e+02 7.380000000000000000e+02 7.380000000000000000e+02 7.380000000000000000e+02 7.380000000000000000e+02 7.380000000000000000e+02 0.000000000000000000e+00
3.570000000000000000e+03 7.960000000000000000e+02 7.760000000000000000e+02 7.740000000000000000e+02 7.740000000000000000e+02 7.650000000000000000e+02 7.640000000000000000e+02 7.640000000000000000e+02 7.640000000000000000e+02 7.640000000000000000e+02 0.000000000000000000e+00
3.600000000000000000e+03 8.200000000000000000e+02 8.080000000000000000e+02 7.970000000000000000e+02 7.970000000000000000e+02 7.960000000000000000e+02 7.950000000000000000e+02 7.950000000000000000e+02 7.860000000000000000e+02 7.860000000000000000e+02 0.000000000000000000e+00
3.610000000000000000e+03 8.440000000000000000e+02 8.430000000000000000e+02 8.320000000000000000e+02 8.300000000000000000e+02 8.300000000000000000e+02 8.290000000000000000e+02 8.200000000000000000e+02 8.200000000000000000e+02 8.200000000000000000e+02 0.000000000000000000e+00
3.660000000000000000e+03 8.570000000000000000e+02 8.550000000000000000e+02 8.450000000000000000e+02 8.450000000000000000e+02 8.450000000000000000e+02 8.450000000000000000e+02 8.450000000000000000e+02 8.450000000000000000e+02 8.450000000000000000e+02 0.000000000000000000e+00
3.690000000000000000e+03 9.160000000000000000e+02 9.030000000000000000e+02 9.030000000000000000e+02 9.030000000000000000e+02 8.850000000000000000e+02 8.850000000000000000e+02 8.850000000000000000e+02 8.850000000000000000e+02 8.850000000000000000e+02 0.000000000000000000e+00
3.710000000000000000e+03 9.630000000000000000e+02 9.380000000000000000e+02 9.370000000000000000e+02 9.280000000000000000e+02 9.270000000000000000e+02 9.270000000000000000e+02 9.270000000000000000e+02 9.270000000000000000e+02 9.270000000000000000e+02 0.000000000000000000e+00
3.750000000000000000e+03 1.001000000000000000e+03 9.990000000000000000e+02 9.990000000000000000e+02 9.890000000000000000e+02 9.890000000000000000e+02 9.890000000000000000e+02 9.880000000000000000e+02 9.880000000000000000e+02 9.880000000000000000e+02 0.000000000000000000e+00
3.850000000000000000e+03 1.137000000000000000e+03 1.116000000000000000e+03 1.105000000000000000e+03 1.095000000000000000e+03 1.095000000000000000e+03 1.095000000000000000e+03 1.094000000000000000e+03 1.093000000000000000e+03 1.093000000000000000e+03 0.000000000000000000e+00
3.880000000000000000e+03 1.236000000000000000e+03 1.225000000000000000e+03 1.204000000000000000e+03 1.204000000000000000e+03 1.202000000000000000e+03 1.202000000000000000e+03 1.202000000000000000e+03 1.202000000000000000e+03 1.202000000000000000e+03 0.000000000000000000e+00
3.990000000000000000e+03 1.357000000000000000e+03 1.346000000000000000e+03 1.336000000000000000e+03 1.336000000000000000e+03 1.336000000000000000e+03 1.336000000000000000e+03 1.336000000000000000e+03 1.336000000000000000e+03 1.335000000000000000e+03 0.000000000000000000e+00
4.070000000000000000e+03 1.446000000000000000e+03 1.436000000000000000e+03 1.436000000000000000e+03 1.435000000000000000e+03 1.435000000000000000e+03 1.435000000000000000e+03 1.435000000000000000e+03 1.435000000000000000e+03 1.435000000000000000e+03 0.000000000000000000e+00
4.300000000000000000e+03 1.810000000000000000e+03 1.810000000000000000e+03 1.810000000000000000e+03 1.810000000000000000e+03 1.800000000000000000e+03 1.800000000000000000e+03 1.800000000000000000e+03 1.790000000000000000e+03 1.790000000000000000e+03 0.000000000000000000e+00
4.450000000000000000e+03 2.020000000000000000e+03 2.020000000000000000e+03 2.020000000000000000e+03 2.020000000000000000e+03 2.020000000000000000e+03 2.020000000000000000e+03 2.020000000000000000e+03 2.010000000000000000e+03 2.010000000000000000e+03 0.000000000000000000e+00
4.580000000000000000e+03 2.120000000000000000e+03 2.120000000000000000e+03 2.120000000000000000e+03 2.120000000000000000e+03 2.120000000000000000e+03 2.120000000000000000e+03 2.120000000000000000e+03 2.120000000000000000e+03 2.120000000000000000e+03 0.000000000000000000e+00
4.750000000000000000e+03 2.270000000000000000e+03 2.270000000000000000e+03 2.270000000000000000e+03 2.270000000000000000e+03 2.270000000000000000e+03 2.260000000000000000e+03 2.260000000000000000e+03 2.260000000000000000e+03 2.260000000000000000e+03 0.000000000000000000e+00
4.910000000000000000e+03 2.400000000000000000e+03 2.400000000000000000e+03 2.400000000000000000e+03 2.400000000000000000e+03 2.400000000000000000e+03 2.390000000000000000e+03 2.380000000000000000e+03 2.380000000000000000e+03 2.380000000000000000e+03 0.000000000000000000e+00
5.070000000000000000e+03 2.540000000000000000e+03 2.540000000000000000e+03 2.530000000000000000e+03 2.530000000000000000e+03 2.530000000000000000e+03 2.530000000000000000e+03 2.530000000000000000e+03 2.530000000000000000e+03 2.530000000000000000e+03 0.000000000000000000e+00
5.230000000000000000e+03 2.700000000000000000e+03 2.690000000000000000e+03 2.680000000000000000e+03 2.680000000000000000e+03 2.680000000000000000e+03 2.680000000000000000e+03 2.680000000000000000e+03 2.680000000000000000e+03 2.680000000000000000e+03 0.000000000000000000e+00
5.490000000000000000e+03 2.970000000000000000e+03 2.960000000000000000e+03 2.960000000000000000e+03 2.960000000000000000e+03 2.960000000000000000e+03 2.950000000000000000e+03 2.950000000000000000e+03 2.950000000000000000e+03 2.950000000000000000e+03 0.000000000000000000e+00
5.780000000000000000e+03 3.250000000000000000e+03 3.250000000000000000e+03 3.250000000000000000e+03 3.240000000000000000e+03 3.240000000000000000e+03 3.240000000000000000e+03 3.240000000000000000e+03 3.240000000000000000e+03 3.240000000000000000e+03 0.000000000000000000e+00
6.050000000000000000e+03 3.680000000000000000e+03 3.680000000000000000e+03 3.670000000000000000e+03 3.670000000000000000e+03 3.670000000000000000e+03 3.670000000000000000e+03 3.670000000000000000e+03 3.670000000000000000e+03 3.670000000000000000e+03 0.000000000000000000e+00
6.310000000000000000e+03 4.060000000000000000e+03 4.060000000000000000e+03 4.060000000000000000e+03 4.060000000000000000e+03 4.060000000000000000e+03 4.050000000000000000e+03 4.050000000000000000e+03 4.050000000000000000e+03 4.050000000000000000e+03 0.000000000000000000e+00
6.690000000000000000e+03 4.440000000000000000e+03 4.430000000000000000e+03 4.430000000000000000e+03 4.430000000000000000e+03 4.430000000000000000e+03 4.430000000000000000e+03 4.420000000000000000e+03 4.420000000000000000e+03 4.420000000000000000e+03 0.000000000000000000e+00
6.970000000000000000e+03 4.880000000000000000e+03 4.880000000000000000e+03 4.880000000000000000e+03 4.880000000000000000e+03 4.880000000000000000e+03 4.880000000000000000e+03 4.880000000000000000e+03 4.880000000000000000e+03 4.880000000000000000e+03 0.000000000000000000e+00
7.340000000000000000e+03 5.330000000000000000e+03 5.320000000000000000e+03 5.310000000000000000e+03 5.300000000000000000e+03 5.300000000000000000e+03 5.300000000000000000e+03 5.300000000000000000e+03 5.300000000000000000e+03 5.300000000000000000e+03 0.000000000000000000e+00
7.650000000000000000e+03 5.810000000000000000e+03 5.810000000000000000e+03 5.810000000000000000e+03 5.810000000000000000e+03 5.810000000000000000e+03 5.810000000000000000e+03 5.810000000000000000e+03 5.810000000000000000e+03 5.810000000000000000e+03 0.000000000000000000e+00
8.080000000000000000e+03 6.310000000000000000e+03 6.310000000000000000e+03 6.310000000000000000e+03 6.310000000000000000e+03 6.310000000000000000e+03 6.310000000000000000e+03 6.310000000000000000e+03 6.310000000000000000e+03 6.310000000000000000e+03 0.000000000000000000e+00
8.440000000000000000e+03 6.820000000000000000e+03 6.820000000000000000e+03 6.820000000000000000e+03 6.820000000000000000e+03 6.820000000000000000e+03 6.820000000000000000e+03 6.820000000000000000e+03 6.820000000000000000e+03 6.820000000000000000e+03 0.000000000000000000e+00
8.710000000000000000e+03 7.340000000000000000e+03 7.340000000000000000e+03 7.340000000000000000e+03 7.340000000000000000e+03 7.340000000000000000e+03 7.330000000000000000e+03 7.330000000000000000e+03 7.330000000000000000e+03 7.330000000000000000e+03 0.000000000000000000e+00
8.950000000000000000e+03 7.780000000000000000e+03 7.780000000000000000e+03 7.780000000000000000e+03 7.780000000000000000e+03 7.780000000000000000e+03 7.780000000000000000e+03 7.780000000000000000e+03 7.780000000000000000e+03 7.780000000000000000e+03 0.000000000000000000e+00
9.250000000000000000e+03 8.360000000000000000e+03 8.360000000000000000e+03 8.360000000000000000e+03 8.360000000000000000e+03 8.360000000000000000e+03 8.360000000000000000e+03 8.360000000000000000e+03 8.360000000000000000e+03 8.360000000000000000e+03 0.000000000000000000e+00
9.430000000000000000e+03 8.710000000000000000e+03 8.710000000000000000e+03 8.710000000000000000e+03 8.710000000000000000e+03 8.710000000000000000e+03 8.710000000000000000e+03 8.710000000000000000e+03 8.710000000000000000e+03 8.710000000000000000e+03 0.000000000000000000e+00
9.620000000000000000e+03 9.000000000000000000e+03 9.000000000000000000e+03 9.000000000000000000e+03 8.990000000000000000e+03 8.990000000000000000e+03 8.990000000000000000e+03 8.980000000000000000e+03 8.980000000000000000e+03 8.980000000000000000e+03 0.000000000000000000e+00
9.750000000000000000e+03 9.270000000000000000e+03 9.270000000000000000e+03 9.270000000000000000e+03 9.270000000000000000e+03 9.270000000000000000e+03 9.270000000000000000e+03 9.270000000000000000e+03 9.270000000000000000e+03 9.270000000000000000e+03 0.000000000000000000e+00
9.850000000000000000e+03 9.540000000000000000e+03 9.540000000000000000e+03 9.540000000000000000e+03 9.540000000000000000e+03 9.540000000000000000e+03 9.540000000000000000e+03 9.540000000000000000e+03 9.540000000000000000e+03 9.540000000000000000e+03 0.000000000000000000e+00
9.900000000000000000e+03 9.710000000000000000e+03 9.710000000000000000e+03 9.710000000000000000e+03 9.710000000000000000e+03 9.710000000000000000e+03 9.710000000000000000e+03 9.710000000000000000e+03 9.710000000000000000e+03 9.710000000000000000e+03 0.000000000000000000e+00
9.970000000000000000e+03 9.830000000000000000e+03 9.830000000000000000e+03 9.830000000000000000e+03 9.830000000000000000e+03 9.830000000000000000e+03 9.830000000000000000e+03 9.830000000000000000e+03 9.830000000000000000e+03 9.830000000000000000e+03 0.000000000000000000e+00
9.990000000000000000e+03 9.900000000000000000e+03 9.900000000000000000e+03 9.900000000000000000e+03 9.900000000000000000e+03 9.900000000000000000e+03 9.900000000000000000e+03 9.900000000000000000e+03 9.900000000000000000e+03 9.900000000000000000e+03 0.000000000000000000e+00
1.000000000000000000e+04 9.970000000000000000e+03 9.970000000000000000e+03 9.970000000000000000e+03 9.970000000000000000e+03 9.970000000000000000e+03 9.970000000000000000e+03 9.970000000000000000e+03 9.970000000000000000e+03 9.970000000000000000e+03 0.000000000000000000e+00
1.000000000000000000e+04 9.990000000000000000e+03 9.990000000000000000e+03 9.990000000000000000e+03 9.990000000000000000e+03 9.990000000000000000e+03 9.990000000000000000e+03 9.990000000000000000e+03 9.990000000000000000e+03 9.990000000000000000e+03 0.000000000000000000e+00
1.000000000000000000e+04 1.000000000000000000e+04 1.000000000000000000e+04 1.000000000000000000e+04 1.000000000000000000e+04 1.000000000000000000e+04 1.000000000000000000e+04 1.000000000000000000e+04 1.000000000000000000e+04 1.000000000000000000e+04 0.000000000000000000e+00
