1.100000000000000000e+02 2.000000000000000000e+01 2.000000000000000000e+01 2.000000000000000000e+01 2.000000000000000000e+01 2.000000000000000000e+01 2.000000000000000000e+01 2.000000000000000000e+01 2.000000000000000000e+01 2.000000000000000000e+01 0.000000000000000000e+00
1.000000000000000000e+04 2.040000000000000000e+02 1.370000000000000000e+02 1.360000000000000000e+02 1.280000000000000000e+02 1.280000000000000000e+02 1.280000000000000000e+02 1.280000000000000000e+02 1.280000000000000000e+02 1.280000000000000000e+02 0.000000000000000000e+00
1.000000000000000000e+04 9.600000000000000000e+02 3.000000000000000000e+02 2.460000000000000000e+02 2.080000000000000000e+02 2.080000000000000000e+02 2.070000000000000000e+02 2.070000000000000000e+02 2.070000000000000000e+02 2.070000000000000000e+02 0.000000000000000000e+00
1.000000000000000000e+04 9.370000000000000000e+03 2.710000000000000000e+03 9.600000000000000000e+02 4.750000000000000000e+02 3.570000000000000000e+02 3.060000000000000000e+02 2.770000000000000000e+02 2.770000000000000000e+02 2.770000000000000000e+02 0.000000000000000000e+00
1.000000000000000000e+04 1.000000000000000000e+04 7.740000000000000000e+03 4.530000000000000000e+03 2.800000000000000000e+03 1.860000000000000000e+03 9.550000000000000000e+02 4.390000000000000000e+02 3.700000000000000000e+02 3.700000000000000000e+02 0.000000000000000000e+00
1.000000000000000000e+04 1.000000000000000000e+04 8.610000000000000000e+03 4.450000000000000000e+03 2.790000000000000000e+03 1.900000000000000000e+03 1.040000000000000000e+03 5.390000000000000000e+02 4.250000000000000000e+02 4.210000000000000000e+02 0.000000000000000000e+00
1.000000000000000000e+04 1.000000000000000000e+04 1.000000000000000000e+04 9.960000000000000000e+03 9.250000000000000000e+03 7.290000000000000000e+03 3.870000000000000000e+03 1.178000000000000000e+03 5.540000000000000000e+02 4.630000000000000000e+02 0.000000000000000000e+00
1.000000000000000000e+04 1.000000000000000000e+04 1.000000000000000000e+04 1.000000000000000000e+04 9.840000000000000000e+03 9.130000000000000000e+03 6.460000000000000000e+03 2.630000000000000000e+03 9.360000000000000000e+02 5.400000000000000000e+02 0.000000000000000000e+00
1.000000000000000000e+04 1.000000000000000000e+04 1.000000000000000000e+04 1.000000000000000000e+04 1.000000000000000000e+04 9.990000000000000000e+03 9.190000000000000000e+03 4.590000000000000000e+03 1.510000000000000000e+03 6.870000000000000000e+02 0.000000000000000000e+00
1.000000000000000000e+04 1.000000000000000000e+04 1.000000000000000000e+04 1.000000000000000000e+04 1.000000000000000000e+04 1.000000000000000000e+04 1.000000000000000000e+04 8.650000000000000000e+03 3.900000000000000000e+03 1.570000000000000000e+03 0.000000000000000000e+00
1.000000000000000000e+04 1.000000000000000000e+04 1.000000000000000000e+04 1.000000000000000000e+04 1.000000000000000000e+04 1.000000000000000000e+04 1.000000000000000000e+04 1.000000000000000000e+04 9.650000000000000000e+03 4.370000000000000000e+03 0.000000000000000000e+00
1.000000000000000000e+04 1.000000000000000000e+04 1.000000000000000000e+04 1.000000000000000000e+04 1.000000000000000000e+04 1.000000000000000000e+04 1.000000000000000000e+04 1.000000000000000000e+04 1.000000000000000000e+04 8.650000000000000000e+03 0.000000000000000000e+00
1.000000000000000000e+04 1.000000000000000000e+04 1.000000000000000000e+04 1.000000000000000000e+04 1.000000000000000000e+04 1.000000000000000000e+04 1.000000000000000000e+04 1.000000000000000000e+04 1.000000000000000000e+04 1.000000000000000000e+04 0.000000000000000000e+00
