8.974263334164318096e+00
-4.940759764083464489e+01
-7.547484877047612883e+01
-1.104937105669212727e+01
1.602727178900161320e+01
5.334758885772612302e+01
-8.155774455731513939e+00
4.983793967808921366e+00
-8.473227111359889818e+01
-3.900969477531474183e+01
-5.126289631309284545e+01
1.972385207897885095e+01
4.638731362446648632e+01
-8.715795952748970876e+01
-1.116000465681685583e+01
2.048986776214516325e+01
6.600909411660921933e+01
1.168912960011299518e+00
5.807367711836088020e+00
-3.826921125681038660e+01
-2.232847342647746913e+01
4.828535148983766589e+01
-1.847475009631822829e+01
6.852369705491128116e+01
3.531510852312355553e+01
-3.398771492386538284e+01
-5.341331532722269237e+00
2.092750614683570731e+01
-1.874631835426185233e+01
-3.964335919959607324e+00
6.101188014612830557e+01
-4.264153110643575495e+00
-1.781032654642762836e+01
1.498695686557397089e+01
2.718890898871491757e+01
-8.951918246412391511e+01
8.755160332496298281e+01
-3.330313760142079360e+00
-1.209797691962803015e+02
8.403473108668526592e+00
2.299450357512719378e+01
-7.731859439420558644e+00
1.050497977125293758e+01
3.093270880663009148e+00
1.224956143719015422e+01
1.462261654051185289e+01
3.535383576951127083e+01
2.707628611536128460e+01
-3.635307619451150885e+01
2.677281082432651971e+01
-5.515274154587532252e+01
-5.982784133265935367e+01
-2.600372359093544716e+01
-4.568795333670644965e+01
-8.550888881121574414e+00
-3.720731601696853375e+01
-1.759347477477390953e+01
7.246433241671817882e+01
9.690482655386634114e-02
-2.566076584294841112e+01
-3.250533442095250081e+01
7.141370213750493079e-01
-2.138188654510431608e+00
6.824141110139447619e+01
5.294896842437793083e+01
-2.210173303161692715e+01
6.725955487808856503e+01
1.918721409106684428e+00
9.433712371052145329e+00
5.481875109863009854e+00
6.274278875020856461e+00
-7.598626051050253460e-01
-5.749303314759008288e+01
-4.223065470607339478e+01
2.858512501080709711e+01
-1.807330366690447931e+01
-4.216410333613602290e+00
-1.035570225965328994e+01
-3.591545777556937935e+01
3.532218454463341573e+01
2.694556267015825668e+01
-4.656011495578715048e-02
3.851709589848013593e+01
3.422560561247863831e+01
-9.108478383718190230e+01
2.141540666091164891e+00
-1.270664612453956543e+01
-1.328557525807824469e+01
-6.579014285225071035e+01
1.869191496742641334e+01
3.798270630662976988e+00
2.649091353945978966e+01
-4.978017053661528735e+01
1.784761674610109949e+01
3.655575404664109129e+01
-1.015318353779551330e+02
-2.741781393747314866e+01
-5.270601493083963618e+01
1.626739532907204477e+01
-5.251007659400724670e+00
